980107
980114
980121
980128
980204
980211
980218
980225
980304
980311
980318
980325
980401
980408
980415
980422
980429
980506
980513
980520
980527
980603
980610
980617
980624
980701
980708
980715
980722
980729
980805
980812
980819
980826
980902
980909
980916
980923
980930
981007
981014
981021
981028
981104
981111
981118
981125
981202
981209
981216
981223
981230
990106
990113
990120
990127
990203
990210
990217
990224
990303
990310
990317
990324
990331
990407
990414
990421
990428
990505
990512
990519
990526
990602
990609
990616
990623
990630
990707
990714
990721
990728
990804
990811
990818
990825
990901
990908
990915
990922
990929
991006
991013
991020
991027
991103
991110
991117
991124
991201
991208
991215
991222
991229
000105
000112
000119
000126
000202
000209
000216
000223
000301
000308
000315
000322
000329
000405
000412
000419
000426
000503
000510
000517
000524
000531
000607
000614
000621
000628
000705
000712
000719
000726
000802
000809
000816
000823
000830
000906
000913
000920
000927
001004
001011
001018
001025
001101
001108
001115
001122
001129
001206
001213
001220
001227
010103
010110
010117
010124
010131
010207
010214
010221
010228
010307
010314
010321
010328
010404
010411
010418
010425
010502
010509
010516
010523
010530
010606
010613
010620
010627
010704
010711
010718
010725
010801
010808
010815
010822
010829
010905
010912
010919
010926
011003
011010
011017
011024
011031
011107
011114
011121
011128
011205
011212
011219
011226
020102
020109
020116
020123
020130
020206
020213
020220
020227
020306
020313
020320
020327
020403
020410
020417
020424
020501
020508
020515
020522
020529
020605
020612
020619
020626
020703
020710
020717
020724
020731
020807
020814
020821
020828
020904
020911
020918
020925
021002
021009
021016
021023
021030
021106
021113
021120
021127
021204
021211
021218
021225
030101
030108
030115
030122
030129
030205
030212
030219
030226
030305
030312
030319
030326
030402
030409
030416
030423
030430
030507
030514
030521
030528
030604
030611
030618
030625
030702
030709
030716
030723
030730
030806
030813
030820
030827
030903
030910
030917
030924
031001
031008
031015
031022
031029
031105
031112
031119
031126
031203
031210
031217
031224
031231
040107
040114
040121
040128
040204
040211
040218
040225
040303
040310
040317
040324
040331
040407
040414
040421
040428
040505
040512
040519
040526
040602
040609
040616
040623
040630
040707
040714
040721
040728
040804
040811
040818
040825
040901
040908
040915
040922
040929
041006
041013
041020
041027
041103
041110
041117
041124
041201
041208
041215
041222
041229
050105
050112
050119
050126
050202
050209
050216
050223
050302
050309
050316
050323
050330
050406
050413
050420
050427
050504
050511
050518
050525
050601
050608
050615
050622
050629
050706
050713
050720
050727
050803
050810
050817
050824
050831
050907
050914
050921
050928
051005
051012
051019
051026
051102
051109
051116
051123
051130
051207
051214
051221
051228
060104
060111
060118
060125
060201
060208
060215
060222
060301
060308
060315
060322
060329
060405
060412
060419
060426
060503
060510
060517
060524
060531
060607
060614
060621
060628
060705
060712
060719
060726
060802
060809
060816
060823
060830
060906
060913
060920
060927
061004
061011
061018
061025
061101
061108
061115
061122
061129
061206
061213
061220
061227
070103
070110
070117
070124
070131
070207
070214
070221
070228
070307
070314
070321
070328
070404
070411
070418
070425
070502
070509
070516
070523
070530
070606
070613
070620
070627
070704
070711
070718
070725
070801
070808
070815
070822
070829
070905
070912
070919
070926
071003
071010
071017
071024
071031
071107
071114
071121
071128
071205
071212
071219
071226
080102
080109
080116
080123
080130
080206
080213
080220
080227
080305
080312
080319
080326
080402
080409
080416
080423
080430
080507
080514
080521
080528
080604
080611
080618
080625
080702
080709
080716
080723
080730
080806
080813
080820
080827
080903
080910
080917
080924
081001
081008
081015
081022
081029
081105
081112
081119
081126
081203
081210
081217
081224
081231
090107
090114
090121
090128
090204
090211
090218
090225
090304
090311
090318
090325
090401
090408
090415
090422
090429
090506
090513
090520
090527
090603
090610
090617
090624
090701
090708
090715
090722
090729
090805
090812
090819
090826
090902
090909
090916
090923
090930
091007
091014
091021
091028
091104
091111
091118
091125
091202
091209
091216
091223
091230
100106
100113
100120
100127
100203
100210
100217
100224
100303
100310
100317
100324
100331
100407
100414
100421
100428
100505
100512
100519
100526
100602
100609
100616
100623
100630
100707
100714
100721
100728
100804
100811
100818
100825
100901
100908
100915
100922
100929
101006
101013
101020
101027
101103
101110
101117
101124
101201
101208
101215
101222
101229
110105
110112
110119
110126
110202
110209
110216
110223
110302
110309
110316
110323
110330
110406
110413
110420
110427
110504
110511
110518
110525
110601
110608
110615
110622
110629
110706
110713
110720
110727
110803
110810
110817
110824
110831
110907
110914
110921
110928
111005
111012
111019
111026
111102
111109
111116
111123
111130
111207
111214
111221
111228
120104
120111
120118
120125
120201
120208
120215
120222
120229
120307
120314
120321
120328
120404
120411
120418
120425
120502
120509
120516
120523
120530
120606
120613
120620
120627
120704
120711
120718
120725
120801
120808
120815
120822
120829
120905
120912
120919
120926
121003
121010
121017
121024
121031
121107
121114
121121
121128
121205
121212
121219
121226
130102
130109
130116
130123
130130
130206
130213
130220
130227
130306
130313
130320
130327
130403
130410
130417
130424
130501
130508
130515
130522
130529
130605
130612
130619
130626
130703
130710
130717
130724
130731
130807
130814
130821
130828
130904
130911
130918
130925
131002
131009
131016
131023
131030
131106
131113
131120
131127
131204
131211
131218
131225
140101
140108
140115
140122
140129
140205
140212
140219
140226
140305
140312
140319
140326
140402
140409
140416
140423
140430
140507
140514
140521
140528
140604
140611
140618
140625
140702
140709
140716
140723
140730
140806
140813
140820
140827
140903
140910
140917
140924
141001
141008
141015
141022
141029
141105
141112
141119
141126
141203
141210
141217
141224
141231
150107
150114
150121
150128
150204
150211
150218
150225
150304
150311
150318
150325
150401
150408
150415
150422
150429
150506
150513
150520
150527
150603
150610
150617
150624
150701
150708
150715
150722
150729
150805
150812
150819
150826
150902
150909
150916
150923
150930
151007
151014
151021
151028
151104
151111
151118
151125
151202
151209
151216
151223
151230
160106
160113
160120
160127
160203
160210
160217
160224
160302
160309
160316
160323
160330
160406
160413
160420
160427
160504
160511
160518
160525
160601
160608
160615
160622
160629
160706
160713
160720
160727
160803
160810
160817
160824
160831
160907
160914
160921
160928
161005
161012
161019
161026
161102
161109
161116
161123
161130
161207
161214
161221
161228
170104
170111
170118
170125
170201
170208
170215
170222
170301
170308
170315
170322
170329
170405
170412
170419
170426
170503
170510
170517
170524
170531
170607
170614
170621
170628
170705
170712
170719
170726
170802
170809
170816
170823
170830
170906
170913
170920
170927
171004
171011
171018
171025
171101
171108
171115
171122
171129
171206
171213
171220
171227
180103
180110
180117
180124
180131
180207
180214
180221
180228
180307
180314
180321
180328
180404
180411
180418
180425
180502
180509
180516
180523
180530
180606
180613
180620
180627
180704
180711
180718
180725
180801
180808
180815
180822
180829
180905
180912
180919
180926
181003
181010
181017
181024
181031
181107
181114
181121
181128
181205
181212
181219
181226
